0 1 2 0
0 1 2 0
0 1 2 0
0 1 2 0
0 1 2 0
0 1 2 0
0 1 2 0
0 1 2 0
0 1 2 3
0 1 2 0
0 1 2 0
0 1 2 0
0 1 2 0
0 1 2 0
0 1 2 0
0 1 2 0
0 1 2 0
0 1 2 0
0 1 2 0
0 1 2 0
0 1 2 0
0 1 2 0
0 1 2 4
0 1 2 4
0 1 2 4
0 1 2 4
0 1 2 4
0 1 2 4
0 1 2 0
0 1 2 0
0 1 2 0
0 1 2 0
0 1 2 0
0 1 2 4
0 1 2 4
0 1 2 4
0 1 2 4
0 1 2 4
0 1 2 4
0 1 2 4
0 1 2 4
0 1 2 4
0 1 2 4
0 1 2 4
0 1 2 4
0 1 2 4
0 1 2 4
0 1 2 4
0 1 2 4
0 1 2 4
0 1 2 4
0 1 2 4
0 1 2 0
0 1 2 0
0 1 2 0
0 1 2 4
0 1 2 0
0 1 2 4
0 1 2 4
0 1 2 4
0 1 2 4
0 1 2 0
0 1 2 0
0 1 2 0
0 1 2 4
0 1 2 4
0 1 2 0
0 1 2 0
0 1 2 0
0 1 2 0
0 1 2 0
0 1 2 0
0 1 2 0
0 1 2 3
0 1 2 0
0 1 2 4
0 1 2 4
0 1 2 4
0 1 2 4
0 1 2 4
0 1 2 4
0 1 2 4
0 1 2 0
0 1 2 0
0 1 2 0
0 1 2 0
0 1 2 4
0 1 2 4
0 1 2 4
0 1 2 4
0 1 2 4
0 1 2 4
0 1 2 0
0 1 2 0
0 1 2 0
0 1 2 0
0 1 2 0
0 1 2 3
0 1 2 0
0 1 2 3
0 1 2 3
0 1 2 3
0 1 2 4
0 1 2 0
0 1 2 0
0 1 2 3
0 1 2 0
0 1 2 3
0 1 2 0
0 1 2 3
0 1 2 0
0 1 2 0
0 1 2 0
0 1 2 0
0 1 2 0
0 1 2 0
0 1 2 0
0 1 2 0
0 1 2 0
0 1 2 4
0 1 2 4
0 1 2 4
0 1 2 4
0 1 2 4
0 1 2 4
0 1 2 0
0 1 2 0
0 1 2 0
0 1 2 0
0 1 2 0
0 1 2 0
0 1 2 0
0 1 2 0
0 1 2 4
0 1 2 4
0 1 2 4
0 1 2 4
0 1 2 4
0 1 2 4
0 1 2 0
0 1 2 4
0 1 2 0
0 1 2 0
0 1 2 0
0 1 2 0
0 1 2 0
0 1 2 0
0 1 2 0
0 1 2 0
0 1 2 0
0 1 2 3
0 1 2 3
0 1 2 3
0 5 6 7
0 5 6 7
0 5 6 7
0 5 6 7
0 5 6 7
0 5 6 7
0 5 6 7
0 5 6 7
0 5 6 7
0 5 6 7
0 5 6 7
0 5 6 7
0 5 6 7
0 5 6 7
0 5 6 7
0 5 6 7
0 5 6 7
0 5 6 7
0 5 6 7
0 5 6 7
0 5 7 8
0 5 8 0
0 4 5 8
0 4 5 8
0 4 5 8
0 4 5 8
0 4 5 8
0 4 5 8
0 5 6 7
0 5 6 7
0 5 6 8
0 5 6 8
0 5 6 7
0 4 5 8
0 4 5 8
0 4 5 8
0 4 5 8
0 4 5 8
0 4 5 8
0 4 5 8
0 4 5 8
0 4 5 8
0 4 5 8
0 4 5 8
0 4 5 8
0 4 5 8
0 4 5 8
0 4 5 8
0 4 5 8
0 4 5 8
0 4 5 8
0 4 5 8
0 4 5 8
0 4 5 8
0 4 5 8
0 4 5 8
0 4 5 8
0 4 5 8
0 4 5 8
0 4 5 8
0 4 5 8
0 5 7 8
0 5 6 8
0 5 8 0
0 4 5 8
0 4 5 8
0 5 6 8
0 5 6 8
0 5 6 7
0 5 6 7
0 5 6 7
0 5 6 7
0 5 6 7
0 5 6 7
0 5 6 7
0 5 6 7
0 5 6 7
0 5 6 7
0 5 6 7
0 5 6 7
0 5 6 8
0 5 6 8
0 5 6 8
0 5 6 8
0 5 7 8
0 5 8 0
0 4 5 8
0 4 5 8
0 4 5 8
0 4 5 8
0 5 7 8
0 5 8 0
0 4 5 8
0 4 5 8
0 4 5 8
0 4 5 8
0 4 5 8
0 4 5 8
0 4 5 8
0 4 5 8
0 4 5 8
0 4 5 8
0 4 5 8
0 5 6 7
0 5 6 7
0 5 6 7
0 5 6 7
0 5 6 7
0 5 6 7
0 5 6 7
0 5 6 7
0 5 6 7
0 5 6 7
0 5 6 7
0 5 6 7
0 5 6 7
0 5 6 7
0 5 6 7
0 5 6 7
0 5 6 7
0 5 8 0
0 5 8 0
0 4 5 8
0 4 5 8
0 4 5 8
0 4 5 8
0 4 5 8
0 4 5 8
0 4 5 8
0 4 5 8
0 4 5 8
0 4 5 8
0 4 5 8
0 4 5 8
0 4 5 8
0 4 5 8
0 4 5 8
0 4 5 8
0 4 5 8
0 4 5 8
0 4 5 8
0 5 8 0
0 5 8 0
0 5 6 8
0 5 6 8
0 5 6 8
0 5 6 8
0 5 6 8
0 5 6 8
0 5 6 8
0 5 6 8
0 5 6 7
0 5 6 7
9 10 0 0
9 10 0 0
9 10 0 0
9 10 0 0
9 10 0 0
9 10 0 0
9 10 0 0
9 10 0 0
9 10 0 0
9 10 0 0
9 10 0 0
9 10 0 0
9 10 0 0
9 10 0 0
9 10 0 0
9 10 0 0
9 10 0 0
9 10 0 0
9 10 0 0
9 10 0 0
9 10 0 0
9 10 0 0
9 10 0 0
9 10 0 0
9 10 0 0
9 10 0 0
9 10 0 0
9 10 0 0
9 10 0 0
9 10 0 0
9 10 0 0
9 10 0 0
9 10 0 0
11 12 0 0
11 12 0 0
11 12 0 0
11 12 0 0
11 12 0 0
11 12 0 0
11 0 0 0
11 12 0 0
11 12 0 0
11 12 0 0
11 12 0 0
11 12 0 0
11 12 0 0
11 12 0 0
11 12 0 0
11 12 0 0
11 12 0 0
11 12 0 0
11 12 0 0
11 12 0 0
11 12 0 0
11 12 0 0
11 12 0 0
11 12 0 0
11 12 0 0
11 12 0 0
11 12 0 0
11 12 0 0
11 12 0 0
11 12 0 0
11 12 0 0
11 12 0 0
11 12 0 0
11 12 0 0
11 12 0 0
11 12 0 0
11 12 0 0
11 12 0 0
11 12 0 0
11 12 0 0
11 12 0 0
11 12 0 0
11 12 0 0
11 12 0 0
11 12 0 0
11 12 0 0
11 0 0 0
11 0 0 0
11 12 0 0
11 12 0 0
11 0 0 0
11 12 0 0
11 0 0 0
11 0 0 0
11 0 0 0
11 0 0 0
11 12 0 0
11 12 0 0
11 0 0 0
11 0 0 0
11 0 0 0
11 12 0 0
11 12 0 0
11 12 0 0
11 12 0 0
11 12 0 0
11 12 0 0
11 12 0 0
11 0 0 0
11 0 0 0
11 0 0 0
11 12 0 0
11 12 0 0
11 12 0 0
11 12 0 0
11 12 0 0
11 12 0 0
11 12 0 0
11 12 0 0
11 12 0 0
11 12 0 0
11 12 0 0
11 12 0 0
11 12 0 0
11 12 0 0
11 12 0 0
11 12 0 0
11 12 0 0
11 12 0 0
11 12 0 0
11 12 0 0
11 12 0 0
11 12 0 0
11 12 0 0
11 12 0 0
11 12 0 0
11 12 0 0
11 12 0 0
11 12 0 0
11 12 0 0
11 12 0 0
11 12 0 0
11 12 0 0
11 12 0 0
11 12 0 0
11 12 0 0
11 12 0 0
11 12 0 0
11 12 0 0
11 12 0 0
11 12 0 0
11 12 0 0
11 12 0 0
11 12 0 0
11 12 0 0
11 12 0 0
11 12 0 0
11 12 0 0
11 12 0 0
11 12 0 0
11 12 0 0
11 12 0 0
11 12 0 0
11 12 0 0
11 12 0 0
11 12 0 0
11 0 0 0
11 12 0 0
11 0 0 0
11 12 0 0
11 12 0 0
11 12 0 0
11 12 0 0
11 12 0 0
11 12 0 0
11 12 0 0
11 12 0 0
11 12 0 0
11 12 0 0
11 12 0 0
11 12 0 0
11 12 0 0
11 12 0 0
11 12 0 0
11 12 0 0
11 12 0 0
11 12 0 0
11 12 0 0
11 12 0 0
11 12 0 0
11 12 0 0
11 12 0 0
11 12 0 0
11 0 0 0
11 12 0 0
11 0 0 0
11 0 0 0
11 12 0 0
11 12 0 0
11 12 0 0
11 12 0 0
11 12 0 0
11 12 0 0
11 12 0 0
11 12 0 0
11 12 0 0
11 12 0 0
11 12 0 0
11 12 0 0
11 12 0 0
11 12 0 0
11 12 0 0
11 12 0 0
11 12 0 0
11 12 0 0
11 12 0 0
11 12 0 0
11 12 0 0
11 12 0 0
11 12 0 0
11 12 0 0
11 12 0 0
11 12 0 0
11 12 0 0
11 12 0 0
11 12 0 0
11 12 0 0
11 12 0 0
11 12 0 0
11 12 0 0
11 12 0 0
9 10 0 0
9 10 0 0
9 10 0 0
9 10 0 0
9 10 0 0
9 10 0 0
9 10 0 0
9 10 0 0
9 10 0 0
9 10 0 0
9 10 0 0
9 10 0 0
9 10 0 0
9 10 0 0
9 10 0 0
9 10 0 0
9 10 0 0
9 10 0 0
9 10 0 0
9 10 0 0
9 10 0 0
9 10 0 0
9 10 0 0
9 10 0 0
9 10 0 0
9 10 0 0
9 10 0 0
9 10 0 0
9 10 0 0
9 10 0 0
9 10 0 0
9 10 0 0
9 10 0 0
4 11 12 0
4 11 12 0
4 11 12 0
4 11 12 0
0 5 8 0
0 5 8 0
0 4 8 0
9 10 0 0
9 10 0 0
0 4 8 0
0 4 8 0
0 8 0 0
0 8 0 0
0 4 8 0
0 4 8 0
0 8 0 0
0 8 0 0
0 8 9 10
0 8 0 0
0 8 9 10
0 8 0 0
0 8 0 0
0 4 8 0
0 8 0 0
0 4 8 0
0 8 0 0
0 4 8 0
0 4 8 0
0 4 8 0
0 8 0 0
0 8 0 0
0 8 0 0
0 8 0 0
0 8 9 10
0 8 9 10
0 8 9 10
0 8 9 10
0 8 10 0
0 8 0 0
0 4 8 0
0 4 8 0
0 4 8 0
0 4 8 0
0 4 8 0
0 4 8 0
0 8 0 0
0 4 8 0
0 4 8 0
0 4 8 0
0 4 8 0
0 4 8 0
0 4 8 0
0 4 5 8
0 8 0 0
0 8 0 0
0 4 8 0
0 4 8 0
0 4 8 0
0 4 5 8
0 4 8 0
0 4 8 0
0 8 0 0
0 8 0 0
0 8 0 0
0 8 0 0
0 8 0 0
0 8 9 10
0 8 9 10
0 8 9 10
0 8 9 10
0 8 0 0
0 8 0 0
0 8 0 0
0 4 8 0
0 8 0 0
0 4 8 0
0 4 8 0
0 4 8 0
0 8 0 0
0 8 0 0
0 4 8 0
0 4 8 0
0 4 8 0
0 4 8 0
0 8 0 0
0 8 0 0
0 8 0 0
0 8 0 0
0 4 8 0
0 4 8 0
0 4 8 0
0 4 8 0
0 4 8 0
0 4 8 0
0 4 8 0
0 4 8 0
0 4 8 0
0 4 8 0
0 4 8 0
0 8 0 0
0 8 0 0
0 8 0 0
0 8 0 0
9 10 0 0
0 8 9 10
9 10 0 0
0 8 9 10
0 8 0 0
0 8 10 0
0 4 8 0
0 4 8 0
0 8 0 0
0 8 0 0
0 4 8 0
0 4 8 0
0 4 5 8
0 4 5 8
0 4 5 8
0 4 8 0
0 4 8 0
0 4 8 0
0 4 8 0
0 4 8 0
0 4 8 0
0 4 8 0
0 4 8 0
0 4 8 0
0 4 5 8
0 4 5 8
0 4 8 0
0 4 8 0
9 10 0 0
9 10 0 0
0 4 5 8
0 4 8 0
0 4 8 0
0 4 8 0
0 4 0 0
0 0 0 0
0 4 8 0
0 0 0 0
0 4 5 8
0 4 8 0
0 4 5 8
0 4 8 0
0 4 5 8
0 4 5 8
0 8 0 0
0 0 0 0
0 8 0 0
0 4 8 0
0 8 10 0
0 8 9 10
0 8 0 0
9 10 0 0
0 4 5 8
0 4 5 8
0 4 5 8
0 4 8 0
0 4 8 0
0 4 5 8
0 4 5 8
0 4 5 8
0 4 5 8
0 4 5 8
0 4 5 8
0 5 8 0
0 5 8 0
0 5 7 8
0 4 5 8
0 4 8 12
0 4 5 8
0 5 6 7
0 5 6 8
0 5 6 8
0 4 5 8
4 12 0 0
4 11 12 0
4 11 12 0
4 11 12 0
4 11 12 0
4 12 0 0
0 4 12 0
4 12 0 0
4 11 12 0
4 12 0 0
4 11 12 0
0 4 12 0
0 4 12 0
0 4 8 0
0 4 0 0
0 4 0 0
0 4 8 0
0 4 8 0
0 4 8 0
0 4 8 0
0 4 8 0
0 4 12 0
0 4 12 0
0 4 12 0
0 4 12 0
0 4 12 0
0 4 12 0
0 4 12 0
0 4 12 0
0 4 12 0
0 4 12 0
0 4 12 0
0 4 12 0
0 4 12 0
0 4 12 0
0 4 8 0
0 4 8 0
0 4 8 0
0 4 8 0
0 4 8 0
0 4 8 0
0 4 0 0
0 4 8 0
0 4 0 0
0 4 0 0
4 12 0 0
4 12 0 0
4 12 0 0
4 12 0 0
4 12 0 0
4 12 0 0
4 12 0 0
4 12 0 0
4 11 12 0
4 12 0 0
4 11 12 0
4 11 12 0
4 11 12 0
4 11 12 0
4 11 12 0
4 11 12 0
4 11 12 0
4 11 12 0
4 11 12 0
4 11 12 0
4 11 12 0
4 11 12 0
4 11 12 0
4 12 0 0
0 5 8 0
0 5 6 8
0 5 8 0
0 5 8 0
0 5 6 8
0 5 8 0
4 11 12 0
4 11 12 0
4 11 12 0
4 11 12 0
4 11 12 0
4 11 12 0
4 11 12 0
4 11 12 0
4 11 12 0
4 11 12 0
4 11 12 0
4 11 12 0
4 11 12 0
4 11 12 0
4 11 12 0
4 11 12 0
4 11 12 0
4 11 12 0
4 11 12 0
4 11 12 0
4 11 12 0
4 11 12 0
4 11 12 0
4 11 12 0
11 12 0 0
4 11 12 0
11 12 0 0
11 12 0 0
11 12 0 0
11 12 0 0
11 0 0 0
11 13 14 0
11 0 0 0
11 13 0 0
11 13 0 0
11 13 14 0
11 13 14 0
11 13 14 0
11 13 14 0
11 13 14 0
11 13 14 0
11 13 0 0
11 13 0 0
11 13 0 0
11 13 0 0
11 13 0 0
11 13 0 0
11 13 0 0
11 13 0 0
11 13 0 0
11 12 13 0
11 13 0 0
11 13 0 0
11 13 0 0
11 12 13 0
11 13 0 0
11 12 13 0
11 13 0 0
11 13 0 0
11 0 0 0
11 13 14 0
11 13 14 0
11 13 14 0
11 13 0 0
11 13 0 0
11 13 0 0
11 13 0 0
11 13 0 0
11 13 0 0
11 13 0 0
11 13 14 0
11 13 14 0
11 13 14 0
11 13 14 0
11 13 14 0
11 13 14 0
11 13 0 0
11 13 0 0
11 13 0 0
11 13 0 0
11 13 0 0
11 13 0 0
11 13 0 0
11 13 0 0
11 13 0 0
11 13 0 0
11 13 0 0
11 13 0 0
11 13 0 0
11 13 0 0
11 13 0 0
11 13 0 0
11 13 14 0
11 13 14 0
11 13 14 0
11 13 14 0
11 13 14 0
11 13 14 0
11 13 14 0
11 13 14 0
11 13 14 0
11 13 14 0
11 13 14 0
11 13 14 0
11 13 14 0
11 13 14 0
11 13 14 0
11 13 0 0
11 13 0 0
11 13 0 0
11 13 0 0
11 13 0 0
11 13 0 0
11 13 14 0
11 13 14 0
11 13 14 0
11 13 14 0
11 13 14 0
11 13 14 0
11 13 14 0
13 0 0 0
13 0 0 0
13 14 0 0
11 13 14 0
13 0 0 0
11 13 14 0
11 13 0 0
13 0 0 0
11 13 14 0
11 13 14 0
11 13 14 0
11 13 14 0
11 13 14 0
11 13 0 0
11 13 0 0
11 13 0 0
11 13 0 0
13 0 0 0
13 0 0 0
11 13 0 0
13 0 0 0
11 13 0 0
13 0 0 0
11 13 0 0
11 13 0 0
13 0 0 0
11 13 0 0
11 13 0 0
11 13 0 0
11 13 0 0
11 13 0 0
11 13 0 0
11 13 0 0
11 13 0 0
11 13 0 0
11 13 0 0
11 13 0 0
11 13 0 0
11 13 0 0
11 13 0 0
11 13 0 0
11 13 0 0
13 0 0 0
11 13 14 0
13 0 0 0
11 13 14 0
11 13 14 0
11 13 0 0
11 13 14 0
11 13 14 0
13 0 0 0
13 14 0 0
13 0 0 0
11 13 14 0
11 13 14 0
11 13 0 0
11 13 0 0
11 13 0 0
11 13 0 0
0 9 10 0
0 9 10 0
0 9 10 0
0 9 10 0
0 8 9 10
0 9 10 0
0 8 9 10
0 8 9 10
0 8 9 10
9 10 0 0
9 10 0 0
9 10 0 0
9 10 0 0
9 10 0 0
9 10 0 0
0 9 10 0
9 10 0 0
9 10 0 0
0 9 10 0
0 8 9 10
0 8 10 0
0 8 10 0
0 9 10 0
0 0 0 0
0 9 10 0
9 10 0 0
9 10 0 0
9 10 0 0
9 10 0 0
0 9 10 0
0 9 10 0
0 9 10 0
0 9 10 0
0 8 9 10
0 8 9 10
0 8 9 10
0 8 0 0
0 8 9 10
0 8 0 0
9 10 0 0
9 10 0 0
0 8 0 0
0 0 0 0
0 0 0 0
0 8 10 0
0 8 10 0
0 8 10 0
0 8 9 10
0 8 9 10
9 10 0 0
9 10 0 0
9 10 0 0
9 10 0 0
0 4 8 0
0 4 5 8
9 10 0 0
0 4 8 0
0 4 8 0
9 10 0 0
0 5 6 7
0 5 6 7
0 5 6 7
0 5 6 7
0 5 6 7
0 5 6 7
0 5 6 7
0 5 7 8
0 5 6 7
0 5 7 8
0 5 7 8
0 5 8 0
0 5 8 0
0 4 5 8
0 4 5 8
0 4 5 8
0 4 5 8
0 4 5 8
0 4 5 8
0 4 5 8
0 4 5 8
0 4 5 8
0 4 8 0
0 4 5 8
0 4 5 8
0 4 5 8
0 4 5 8
0 4 5 8
0 4 5 8
0 4 5 8
0 4 5 8
0 5 7 8
0 5 6 7
0 5 6 7
0 5 6 7
0 5 6 7
0 5 6 7
0 5 6 7
0 5 6 7
0 5 6 7
0 5 6 7
0 5 7 8
0 5 7 8
0 5 7 8
0 4 5 8
0 4 5 8
0 4 5 8
0 4 5 8
0 5 8 0
0 5 7 8
0 5 7 8
0 5 6 7
0 5 6 7
0 5 6 7
0 5 6 7
0 5 6 7
0 5 6 7
0 5 6 7
0 5 6 7
0 5 6 8
0 5 8 0
0 5 8 0
0 5 8 0
0 5 6 8
0 5 6 8
0 5 6 8
0 5 6 8
0 5 6 8
0 5 7 8
0 5 7 8
0 5 6 7
0 5 6 8
0 5 6 7
0 5 6 8
0 5 6 8
0 5 6 8
0 5 6 8
0 5 6 7
0 5 6 7
0 5 6 8
0 5 6 8
0 5 6 8
0 5 6 8
0 5 6 8
0 5 6 8
0 5 6 7
0 5 6 8
0 5 6 8
0 5 6 8
0 5 6 8
0 5 6 7
0 5 6 8
0 5 6 8
0 5 6 8
0 5 6 8
0 5 6 8
0 5 6 8
0 5 6 8
0 5 6 8
0 5 6 8
0 5 6 7
0 5 6 7
0 5 6 7
0 5 6 7
0 5 6 7
0 5 6 7
0 5 6 7
0 5 6 7
0 5 6 7
0 5 6 7
5 6 7 0
5 6 7 0
5 6 7 0
5 6 7 0
0 5 6 7
5 6 7 0
0 5 6 7
0 5 6 7
0 5 6 7
0 5 6 7
0 5 6 7
0 5 6 7
0 5 6 7
0 5 6 7
0 5 6 7
0 5 6 7
0 5 6 7
0 5 6 7
0 5 6 7
0 5 6 7
0 5 6 7
5 6 7 0
0 5 6 7
0 5 6 7
0 5 6 7
0 5 6 7
0 5 6 7
0 5 6 7
0 5 6 7
0 5 6 7
0 5 6 7
0 5 6 7
0 5 6 7
0 5 6 7
0 5 6 7
0 5 6 7
0 5 6 7
0 5 6 7
5 6 7 0
5 6 7 0
0 5 6 7
5 6 7 0
5 6 7 0
6 7 0 0
6 7 0 0
6 7 0 0
5 6 7 0
5 6 7 0
5 6 7 0
0 5 6 7
5 6 7 0
0 5 6 7
5 6 7 0
0 5 6 7
5 6 7 0
5 6 7 0
6 7 0 0
6 7 0 0
5 6 7 0
6 7 0 0
5 6 7 0
0 5 6 7
5 6 7 0
0 5 6 7
0 5 6 7
5 6 7 0
0 5 6 7
5 6 7 0
5 6 7 0
5 6 7 0
5 6 7 0
5 6 7 0
6 7 0 0
6 7 0 0
6 7 0 0
5 6 7 0
6 7 0 0
5 6 7 0
5 6 7 0
6 7 0 0
5 6 7 0
6 7 15 0
5 6 7 0
5 6 7 0
5 6 7 0
5 6 7 0
0 5 6 7
5 6 7 0
5 6 7 0
5 6 7 0
5 6 7 0
0 5 6 8
0 5 6 8
0 5 6 8
0 5 6 7
0 5 6 8
5 6 7 0
0 5 6 8
5 6 7 0
0 5 6 7
0 5 6 7
0 5 6 7
0 5 6 7
0 5 6 7
5 6 7 0
5 6 7 0
5 6 7 0
5 6 7 0
0 5 6 7
0 5 6 7
5 6 7 0
5 6 7 0
5 6 7 0
5 6 7 0
6 7 15 0
6 7 15 0
5 6 7 0
5 6 7 0
5 6 7 0
5 6 7 0
6 7 0 0
6 7 0 0
6 7 0 0
6 7 15 0
6 7 0 0
6 7 0 0
6 7 0 0
6 7 0 0
7 0 0 0
7 15 0 0
6 7 0 0
6 7 15 0
7 15 0 0
6 7 15 0
7 15 0 0
6 7 15 0
7 15 0 0
6 7 0 0
6 7 15 0
7 15 0 0
6 7 0 0
6 7 0 0
7 0 0 0
7 0 0 0
6 7 0 0
6 7 0 0
6 7 0 0
7 0 0 0
6 7 0 0
7 0 0 0
6 7 0 0
6 7 0 0
6 7 0 0
7 15 0 0
7 15 0 0
7 15 16 0
7 15 0 0
7 15 0 0
7 15 16 0
7 15 0 0
7 0 0 0
7 0 0 0
7 0 0 0
7 0 0 0
7 0 0 0
6 7 0 0
7 0 0 0
7 0 0 0
7 0 0 0
7 0 0 0
7 0 0 0
7 0 0 0
7 0 0 0
7 0 0 0
7 17 0 0
7 0 0 0
7 0 0 0
7 0 0 0
7 0 0 0
7 0 0 0
7 15 16 18
7 18 19 0
7 0 0 0
7 18 19 0
7 18 19 0
7 15 16 18
7 15 16 18
7 15 16 0
7 15 16 0
7 15 16 0
7 15 16 0
15 16 20 0
7 15 16 18
7 15 16 18
7 15 16 18
7 18 19 0
7 18 19 22
7 18 19 22
7 17 19 22
7 19 22 0
7 17 0 0
7 17 22 23
7 17 19 22
7 17 22 23
7 17 0 0
7 17 0 0
7 0 0 0
7 0 0 0
7 17 23 0
7 17 22 23
7 17 22 23
7 17 22 23
7 17 22 23
7 17 23 0
7 17 23 0
7 17 22 23
7 17 19 22
7 17 23 0
7 17 23 0
7 17 23 0
22 24 0 0
17 22 23 24
22 24 25 0
22 24 25 0
22 24 25 0
7 17 19 22
7 19 22 26
7 19 22 26
22 24 25 0
22 24 25 0
22 24 25 0
22 24 25 0
22 24 25 0
24 25 0 0
22 24 25 0
24 25 0 0
22 24 25 0
22 24 25 0
22 24 25 0
22 24 25 0
24 25 0 0
24 25 0 0
24 25 0 0
24 25 0 0
24 25 0 0
7 19 22 26
19 26 27 0
19 26 27 0
19 26 27 0
19 26 27 0
7 19 26 0
7 18 19 22
7 18 19 21
7 18 19 21
7 16 18 19
7 18 21 28
7 18 21 28
7 18 21 0
7 18 19 21
19 26 0 0
19 26 27 0
19 26 27 0
19 26 27 0
19 26 27 0
26 27 0 0
26 27 0 0
26 27 0 0
19 26 27 0
19 26 27 0
26 27 0 0
26 27 0 0
26 27 0 0
26 27 0 0
26 27 0 0
26 27 0 0
26 27 0 0
18 21 28 0
18 21 28 0
18 21 28 0
18 21 28 0
18 21 28 0
21 28 0 0
18 21 28 0
28 0 0 0
28 0 0 0
28 0 0 0
28 0 0 0
28 0 0 0
28 0 0 0
18 21 28 0
18 21 28 0
7 18 21 28
7 18 21 28
7 18 21 28
18 21 28 0
21 28 0 0
7 15 16 18
7 15 16 18
7 15 16 18
15 16 20 0
15 16 20 0
15 16 20 0
15 16 20 0
15 16 20 0
15 16 20 0
16 20 0 0
15 16 20 0
16 20 0 0
16 20 0 0
16 20 0 0
16 20 0 0
16 20 0 0
16 20 0 0
16 20 0 0
16 20 0 0
15 16 20 0
13 29 30 0
13 29 30 31
13 29 30 0
13 29 30 31
13 29 30 31
13 29 30 0
13 29 30 0
13 29 30 0
13 29 30 31
13 29 30 31
13 29 30 31
13 29 30 31
13 29 30 31
29 30 31 0
29 30 31 0
29 30 31 0
29 30 31 0
29 30 31 0
29 30 31 0
29 30 31 0
29 30 31 0
29 30 31 0
13 29 30 31
13 29 30 31
13 29 30 31
13 29 30 0
13 29 30 31
13 29 30 0
13 29 30 31
13 29 30 31
13 29 30 31
29 30 31 0
29 30 31 0
29 30 31 0
29 30 31 0
29 30 31 0
13 29 30 31
13 29 30 31
13 29 30 31
13 29 30 31
13 29 30 0
13 29 30 31
13 29 30 0
13 29 30 31
13 29 30 31
29 30 31 0
29 30 31 0
29 30 31 0
29 30 31 0
29 30 31 0
29 30 31 0
13 29 30 31
13 29 30 31
13 29 30 31
13 29 30 31
13 29 30 0
13 29 30 31
13 29 30 0
13 29 30 0
13 29 30 31
13 29 30 31
13 29 30 31
13 29 30 31
29 30 31 0
29 30 31 0
29 30 31 0
13 29 30 31
29 30 31 0
29 30 31 0
29 30 31 0
29 30 31 0
29 30 31 0
29 30 31 0
29 30 31 0
29 30 31 0
29 30 31 0
29 30 31 0
29 30 31 0
29 30 31 0
29 30 31 0
29 30 31 0
29 30 31 0
29 30 31 0
31 0 0 0
31 0 0 0
31 0 0 0
31 0 0 0
31 0 0 0
31 0 0 0
30 31 0 0
30 31 0 0
29 30 31 0
29 30 31 0
29 30 31 0
29 30 31 0
29 30 31 0
29 30 31 0
29 30 31 0
29 30 31 0
29 30 31 0
30 31 0 0
31 0 0 0
31 0 0 0
31 0 0 0
31 0 0 0
31 0 0 0
31 0 0 0
31 0 0 0
31 0 0 0
30 31 0 0
29 30 31 0
29 30 31 0
29 30 31 0
29 30 31 0
29 30 31 0
29 30 31 0
29 30 31 0
29 30 31 0
29 30 31 0
29 30 31 0
29 30 31 0
29 30 31 0
29 30 31 0
29 30 31 0
29 30 31 0
29 30 31 0
29 30 31 0
29 30 31 0
29 30 31 0
29 30 31 0
29 30 31 0
29 30 31 0
29 30 31 0
29 30 31 0
29 30 31 0
29 30 31 0
29 30 31 0
31 0 0 0
31 0 0 0
31 0 0 0
31 0 0 0
31 0 0 0
30 31 0 0
29 30 31 0
29 30 31 0
29 30 31 0
29 30 31 0
29 30 31 0
29 30 31 0
29 30 31 0
29 30 31 0
29 30 31 0
29 30 31 0
29 30 31 0
29 30 31 0
4 11 12 0
4 11 12 0
4 11 12 0
4 11 12 0
4 11 12 0
11 12 0 0
11 12 0 0
11 12 0 0
4 11 12 0
4 11 12 0
4 11 12 0
11 12 0 0
4 11 12 0
4 11 12 0
4 11 12 0
4 11 12 0
11 12 0 0
11 12 0 0
4 11 12 0
4 11 12 0
4 11 12 0
4 11 12 0
11 12 0 0
11 12 0 0
4 11 12 0
4 11 12 0
4 11 12 0
4 11 12 0
11 12 0 0
11 12 0 0
4 12 0 0
4 12 0 0
4 11 12 0
4 11 12 0
11 12 0 0
11 12 0 0
4 11 12 0
4 11 12 0
4 11 12 0
4 11 12 0
11 12 0 0
4 11 12 0
11 12 0 0
11 12 0 0
4 11 12 0
4 11 12 0
11 12 0 0
11 12 0 0
4 11 12 0
4 11 12 0
4 11 12 0
4 11 12 0
11 12 0 0
11 12 0 0
4 11 12 0
4 11 12 0
4 11 12 0
4 11 12 0
11 12 0 0
11 12 0 0
4 11 12 0
4 11 12 0
4 11 12 0
4 11 12 0
11 12 0 0
11 12 0 0
4 11 12 0
4 11 12 0
4 11 12 0
4 11 12 0
11 12 0 0
11 12 0 0
4 11 12 0
4 11 12 0
4 11 12 0
4 11 12 0
11 12 0 0
11 12 0 0
4 11 12 0
4 11 12 0
4 11 12 0
4 11 12 0
4 11 12 0
4 11 12 0
4 11 12 0
4 11 12 0
11 12 0 0
11 12 0 0
11 12 0 0
11 12 0 0
11 12 0 0
11 12 0 0
11 12 0 0
11 12 0 0
4 11 12 0
4 11 12 0
4 11 12 0
4 11 12 0
4 11 12 0
4 11 12 0
4 11 12 0
4 11 12 0
4 11 12 0
4 11 12 0
11 12 0 0
4 11 12 0
4 11 12 0
4 11 12 0
11 12 0 0
11 12 0 0
4 11 12 0
4 11 12 0
11 12 0 0
4 11 12 0
4 11 12 0
4 11 12 0
11 12 0 0
4 11 12 0
11 12 0 0
11 12 0 0
11 12 0 0
11 12 0 0
13 29 30 0
13 29 0 0
13 29 30 0
13 29 30 0
13 29 0 0
13 29 0 0
13 29 30 0
13 29 30 0
13 29 0 0
13 29 0 0
13 29 30 0
13 29 30 0
13 29 0 0
13 29 30 0
13 29 0 0
13 29 30 0
13 29 0 0
13 29 30 0
13 29 0 0
13 29 0 0
13 29 30 0
13 29 30 0
13 29 0 0
13 29 0 0
13 29 0 0
13 29 0 0
13 29 0 0
13 29 0 0
13 29 0 0
13 29 0 0
13 29 0 0
13 29 0 0
13 29 0 0
13 29 0 0
13 29 0 0
13 29 0 0
13 29 0 0
13 29 0 0
13 29 0 0
13 29 0 0
13 29 0 0
13 29 0 0
13 29 0 0
13 29 0 0
13 29 0 0
13 29 0 0
13 29 0 0
13 29 0 0
13 29 0 0
13 29 0 0
13 29 0 0
13 29 0 0
13 29 0 0
13 29 0 0
13 29 0 0
13 29 0 0
13 29 0 0
13 29 0 0
13 29 0 0
13 29 0 0
13 29 0 0
13 29 0 0
13 29 0 0
13 29 0 0
13 29 0 0
13 29 0 0
13 29 0 0
13 29 0 0
13 29 0 0
13 29 0 0
13 29 0 0
13 29 0 0
13 29 0 0
13 29 0 0
13 29 0 0
13 29 0 0
13 29 0 0
13 29 0 0
13 29 0 0
13 29 0 0
13 29 0 0
13 29 0 0
13 29 0 0
13 29 0 0
13 29 0 0
13 29 0 0
13 29 0 0
13 29 0 0
13 29 0 0
13 29 0 0
13 29 0 0
13 29 0 0
13 29 0 0
13 29 0 0
13 29 0 0
13 29 0 0
13 29 0 0
13 29 0 0
13 29 0 0
13 29 0 0
13 29 0 0
13 29 0 0
13 29 0 0
13 29 0 0
13 29 0 0
13 29 0 0
13 29 0 0
13 29 0 0
13 29 0 0
13 29 0 0
13 29 0 0
13 29 0 0
13 29 0 0
13 29 0 0
13 29 0 0
13 29 0 0
14 32 33 0
14 32 33 0
14 33 0 0
14 33 0 0
14 33 0 0
14 33 0 0
14 33 0 0
14 32 33 0
14 32 33 0
14 33 0 0
14 33 0 0
14 32 33 0
14 32 33 0
14 33 0 0
14 32 33 0
14 33 0 0
14 33 0 0
14 33 0 0
14 33 0 0
14 33 0 0
14 33 0 0
14 33 0 0
14 32 33 0
14 33 0 0
14 32 33 0
14 33 0 0
14 33 0 0
14 33 0 0
14 33 0 0
14 33 0 0
14 33 0 0
14 32 33 0
14 32 33 0
14 33 0 0
14 33 0 0
14 33 0 0
13 14 33 0
11 13 14 33
11 13 14 33
13 14 33 0
14 33 0 0
11 13 14 33
14 33 0 0
14 33 0 0
13 14 33 0
14 33 0 0
11 13 14 33
11 13 14 33
11 14 33 0
11 13 14 33
14 33 0 0
14 33 0 0
11 14 33 0
11 13 14 33
11 13 14 33
11 14 33 0
14 33 0 0
11 14 33 0
14 33 0 0
11 14 33 0
11 14 33 0
11 14 33 0
14 33 0 0
14 33 0 0
11 14 33 0
14 33 0 0
11 14 33 0
11 14 33 0
14 33 0 0
14 33 0 0
14 33 0 0
13 14 33 0
14 33 0 0
11 13 14 33
11 13 14 33
11 13 14 33
13 0 0 0
13 0 0 0
13 29 0 0
13 29 0 0
13 29 0 0
13 0 0 0
13 29 0 0
13 0 0 0
13 29 0 0
13 0 0 0
13 0 0 0
13 29 0 0
13 0 0 0
13 29 0 0
13 29 0 0
13 29 0 0
13 29 0 0
13 29 0 0
13 29 0 0
13 29 0 0
13 29 0 0
13 29 0 0
13 29 0 0
13 29 0 0
13 29 0 0
13 0 0 0
13 29 0 0
13 0 0 0
13 29 0 0
13 29 0 0
13 29 0 0
13 29 0 0
13 29 0 0
13 29 0 0
13 29 0 0
13 29 0 0
13 29 0 0
13 29 0 0
13 29 0 0
13 29 0 0
13 29 0 0
13 0 0 0
13 0 0 0
13 29 0 0
13 0 0 0
13 29 0 0
13 0 0 0
13 29 0 0
13 29 0 0
13 29 0 0
13 29 0 0
13 29 0 0
13 29 0 0
13 29 0 0
13 29 0 0
13 29 0 0
13 29 0 0
13 29 0 0
13 29 0 0
13 29 0 0
13 29 0 0
13 29 0 0
13 29 0 0
13 29 0 0
13 29 0 0
13 29 0 0
13 29 0 0
13 29 0 0
13 29 0 0
13 29 0 0
4 12 0 0
4 12 0 0
4 11 12 0
4 11 12 0
4 12 0 0
4 11 12 0
4 11 12 0
4 11 12 0
4 12 0 0
4 12 0 0
4 11 12 0
4 11 12 0
4 11 12 0
4 12 0 0
4 11 12 0
4 11 12 0
4 11 12 0
4 11 12 0
11 12 0 0
11 12 0 0
11 12 0 0
11 12 0 0
11 12 0 0
11 12 0 0
4 11 12 0
4 11 12 0
4 11 12 0
4 11 12 0
4 11 12 0
4 11 12 0
4 11 12 0
4 11 12 0
4 12 0 0
4 12 0 0
4 11 12 0
4 11 12 0
4 11 12 0
4 11 12 0
4 11 12 0
4 11 12 0
4 11 12 0
4 11 12 0
4 11 12 0
4 11 12 0
4 11 12 0
11 12 0 0
11 12 0 0
4 11 12 0
4 11 12 0
4 11 12 0
4 11 12 0
11 12 0 0
11 12 0 0
4 11 12 0
4 12 0 0
4 12 0 0
4 11 12 0
4 11 12 0
4 11 12 0
4 11 12 0
4 11 12 0
4 11 12 0
4 11 12 0
4 11 12 0
4 11 12 0
4 11 12 0
4 12 0 0
4 12 0 0
4 11 12 0
4 11 12 0
4 11 12 0
4 11 12 0
11 12 0 0
11 12 0 0
4 11 12 0
4 11 12 0
4 11 12 0
4 11 12 0
11 12 0 0
11 12 0 0
4 11 12 0
4 11 12 0
4 11 12 0
4 11 12 0
1 2 0 0
1 2 0 0
0 1 9 10
0 9 10 0
0 1 2 0
0 1 2 0
0 1 2 0
0 1 2 0
0 1 2 0
0 1 0 0
0 1 2 0
0 9 10 0
0 1 2 0
0 9 10 0
0 1 2 0
0 9 10 0
0 1 2 9
0 1 2 9
0 1 2 0
0 1 2 0
0 1 2 0
0 1 2 0
0 1 2 4
0 1 2 0
0 1 2 4
0 1 2 0
0 1 0 0
0 1 0 0
0 1 0 0
0 9 10 0
0 9 10 0
9 10 0 0
0 9 10 0
0 1 2 9
0 1 2 9
0 1 2 0
0 1 2 0
0 1 2 4
0 1 2 0
0 1 2 0
0 1 2 0
0 1 2 0
0 1 2 0
0 1 2 0
0 1 2 0
0 1 2 0
0 1 2 4
0 1 2 4
0 1 2 4
0 1 2 0
0 1 2 0
0 1 2 4
0 1 0 0
0 1 2 4
0 1 2 0
0 1 2 0
0 1 2 4
0 1 2 0
0 1 2 0
0 1 0 0
0 1 0 0
0 9 10 0
0 9 10 0
0 9 10 0
0 9 10 0
0 9 10 0
0 1 2 9
0 1 2 9
0 1 2 0
0 1 2 0
0 1 2 0
0 1 2 0
0 1 2 0
0 1 2 0
0 1 2 0
0 1 2 0
0 1 2 0
0 1 2 0
0 1 2 0
0 1 2 0
0 1 2 0
0 1 2 0
0 1 2 0
0 1 2 9
0 1 2 0
0 1 2 0
0 1 2 0
0 1 2 0
0 1 2 4
0 1 2 4
0 1 2 4
0 1 2 0
0 1 2 4
0 1 2 4
0 1 2 0
0 1 0 0
0 1 2 0
0 1 0 0
0 1 0 0
0 1 9 10
0 9 10 0
9 10 0 0
9 10 0 0
0 1 2 9
0 1 2 9
0 1 2 0
0 1 2 0
0 1 0 0
0 1 2 4
0 1 2 4
0 1 2 0
0 1 2 4
0 1 2 4
0 1 2 4
0 1 2 4
0 1 2 0
0 1 2 0
0 1 2 0
0 1 2 0
0 1 2 0
0 1 2 0
0 1 2 4
0 1 2 4
0 1 2 4
0 1 2 0
0 1 2 0
0 1 2 4
0 1 2 0
0 9 10 0
9 10 0 0
0 1 2 0
0 1 2 0
0 0 0 0
0 4 0 0
0 4 0 0
0 1 4 0
0 0 0 0
0 1 2 4
0 1 2 4
0 1 2 4
0 1 2 4
0 1 2 4
0 1 2 4
0 1 0 0
0 0 0 0
0 0 0 0
0 1 2 0
0 1 9 10
0 1 2 9
0 1 2 9
9 10 0 0
0 1 2 4
0 1 2 4
0 1 2 4
0 1 2 0
0 1 2 0
0 1 2 4
0 1 2 0
0 1 2 4
0 1 2 4
0 1 2 4
0 1 2 4
0 1 2 4
0 1 2 4
0 1 2 4
0 1 2 4
0 1 2 4
0 1 2 4
0 1 2 4
0 1 2 4
0 1 2 4
1 2 4 12
2 4 12 0
4 11 12 0
4 11 12 0
4 11 12 0
4 11 12 0
0 1 2 4
0 4 12 0
4 12 0 0
4 12 0 0
4 12 0 0
4 11 12 0
0 4 12 0
0 4 12 0
0 4 0 0
0 4 0 0
0 1 4 0
0 4 0 0
0 1 2 4
0 1 2 4
0 1 2 4
0 1 4 0
0 4 12 0
0 4 12 0
0 4 12 0
0 4 12 0
0 4 12 0
0 4 12 0
0 4 12 0
0 4 12 0
0 4 12 0
0 4 12 0
0 4 12 0
0 4 12 0
0 1 4 0
0 4 12 0
0 4 12 0
0 1 4 0
0 1 2 4
0 1 2 4
0 1 4 0
0 1 2 4
0 1 2 4
0 1 4 0
0 4 0 0
0 4 0 0
4 12 0 0
4 12 0 0
4 12 0 0
4 12 0 0
4 12 0 0
4 12 0 0
4 11 12 0
4 12 0 0
4 11 12 0
4 11 12 0
4 11 12 0
4 11 12 0
4 11 12 0
4 11 12 0
4 11 12 0
4 11 12 0
4 11 12 0
4 11 12 0
4 11 12 0
4 11 12 0
4 11 12 0
4 11 12 0
4 11 12 0
2 4 12 0
1 2 0 0
0 1 2 4
0 1 2 4
0 1 2 4
0 1 2 4
0 1 2 4
4 12 0 0
4 11 12 0
4 11 12 0
4 11 12 0
4 11 12 0
4 11 12 0
4 11 12 0
4 11 12 0
4 11 12 0
4 11 12 0
4 11 12 0
4 11 12 0
4 11 12 0
4 11 12 0
4 11 12 0
11 12 0 0
4 11 12 0
4 11 12 0
4 11 12 0
4 11 12 0
4 11 12 0
4 11 12 0
4 11 12 0
4 11 12 0
11 12 0 0
11 12 0 0
11 12 0 0
11 12 0 0
11 12 0 0
11 12 0 0
11 0 0 0
11 0 0 0
11 13 14 0
11 13 14 0
11 14 0 0
11 13 14 0
11 13 14 0
11 13 14 0
11 13 14 0
11 13 14 0
11 13 14 0
11 14 0 0
11 14 0 0
11 14 0 0
11 14 0 0
11 14 0 0
11 14 0 0
11 14 0 0
11 14 0 0
11 14 0 0
11 12 14 0
11 14 0 0
11 14 0 0
11 14 0 0
11 12 14 0
11 14 0 0
11 0 0 0
11 13 14 0
11 0 0 0
11 0 0 0
11 13 14 0
11 13 14 0
11 13 14 0
11 13 14 0
11 14 0 0
11 14 0 0
11 14 0 0
11 14 0 0
11 13 14 0
11 13 14 0
11 13 14 0
11 13 14 0
11 13 14 0
11 13 14 0
11 13 14 0
11 13 14 0
11 13 14 0
11 13 14 0
11 13 14 0
11 14 0 0
11 14 0 0
11 14 0 0
11 14 0 0
11 14 0 0
11 14 0 0
11 14 0 0
11 14 0 0
11 14 0 0
11 14 0 0
11 14 0 0
11 14 0 0
11 14 0 0
11 13 14 0
11 13 14 0
11 13 14 0
11 13 14 0
11 13 14 0
11 13 14 0
11 13 14 0
11 13 14 0
11 13 14 0
11 13 14 0
11 13 14 0
11 13 14 0
11 13 14 0
11 13 14 0
11 13 14 0
11 14 0 0
11 14 0 0
11 14 0 0
11 14 0 0
11 14 0 0
11 14 0 0
11 13 14 0
11 13 14 0
11 13 14 0
11 13 14 0
11 13 14 0
11 13 14 0
11 13 14 0
11 13 14 33
11 13 14 33
11 13 14 33
11 13 14 33
11 13 14 0
11 13 14 33
11 13 14 0
11 13 14 0
11 13 14 0
11 13 14 0
11 13 14 0
11 13 14 0
11 13 14 0
11 13 14 0
11 13 14 33
11 13 14 0
11 13 14 0
11 13 14 0
11 14 33 0
11 14 33 0
11 14 0 0
11 14 33 0
11 14 0 0
11 13 14 33
11 14 0 0
11 13 14 0
11 13 14 33
11 13 14 0
11 13 14 0
11 14 0 0
11 14 0 0
11 14 0 0
11 14 0 0
11 13 14 0
11 13 14 0
11 13 14 0
11 14 0 0
11 14 0 0
11 14 0 0
11 14 0 0
11 14 0 0
11 14 0 0
11 14 0 0
11 13 14 0
11 14 0 0
11 13 14 0
11 13 14 0
11 13 14 33
11 13 14 0
11 13 14 33
11 13 14 0
11 13 14 0
11 13 14 0
11 13 14 0
11 13 14 33
11 13 14 33
11 13 14 33
11 13 14 0
11 13 14 0
0 9 0 0
0 9 10 0
0 9 10 0
0 9 10 0
0 1 9 10
0 9 10 0
0 9 10 0
0 1 0 0
0 1 9 10
0 9 10 0
0 9 10 0
0 9 10 0
9 10 0 0
9 10 0 0
9 10 0 0
9 10 0 0
9 10 0 0
9 10 0 0
9 10 0 0
0 9 10 0
0 9 10 0
0 0 0 0
0 0 0 0
9 10 0 0
0 9 10 0
0 1 9 10
0 9 10 0
0 9 10 0
0 9 10 0
0 9 10 0
0 9 10 0
0 9 0 0
0 9 0 0
0 1 9 10
0 1 9 0
0 1 0 0
0 1 0 0
0 1 0 0
0 1 0 0
0 9 10 0
0 1 9 10
0 0 0 0
0 0 0 0
0 0 0 0
0 0 0 0
0 1 9 10
0 1 9 10
0 1 2 9
0 9 10 0
9 10 0 0
0 9 10 0
0 9 10 0
0 1 2 0
0 1 2 0
0 9 10 0
9 10 0 0
0 1 9 10
0 1 2 0
0 1 2 0
1 2 3 34
2 3 34 0
2 3 34 0
0 1 2 3
2 3 34 0
0 1 2 3
0 1 2 4
0 1 2 4
0 1 2 0
0 1 2 4
0 1 2 4
0 1 2 4
0 1 2 4
0 1 2 4
0 1 2 4
0 1 2 4
0 1 2 4
0 1 2 4
0 1 2 4
0 1 2 4
0 1 2 0
0 1 2 4
0 1 2 0
0 1 2 0
0 1 2 4
0 1 2 4
0 1 2 4
0 1 2 4
0 1 2 4
0 1 2 4
0 1 2 4
0 1 2 0
0 1 2 0
0 1 2 0
0 1 2 3
2 3 34 0
0 1 2 3
2 3 34 0
0 1 2 0
0 1 2 0
0 1 2 0
0 1 2 0
0 1 2 0
0 1 2 0
0 1 2 4
0 1 2 4
0 1 2 4
0 1 2 4
0 1 2 4
0 1 2 0
0 1 2 0
0 1 2 0
0 1 2 0
0 1 2 0
0 1 2 3
2 3 34 0
0 1 2 3
0 1 2 0
0 1 2 0
0 1 2 0
0 1 2 0
0 1 2 4
0 1 2 4
0 1 2 0
0 1 2 4
0 1 2 0
0 1 2 0
0 1 2 4
0 1 2 4
0 1 2 4
0 1 2 4
1 2 0 0
1 2 3 34
0 1 2 0
0 1 2 0
0 1 2 0
0 1 2 0
0 1 2 0
0 1 2 3
2 3 34 0
0 1 2 3
2 3 34 0
0 1 2 3
1 2 3 34
1 2 3 34
2 3 34 0
2 3 34 0
2 3 34 0
2 3 34 0
2 3 34 0
2 3 34 0
2 3 34 0
2 3 34 0
2 3 34 0
2 3 34 0
2 3 34 0
2 3 34 0
2 3 34 0
2 3 34 0
2 3 34 0
2 3 34 0
2 3 34 0
2 3 34 0
2 3 34 0
2 3 34 0
2 3 34 0
2 3 34 0
2 3 34 0
2 3 34 0
2 3 34 0
2 3 34 0
2 3 34 0
2 3 34 0
2 3 34 0
2 3 34 0
2 3 34 0
2 3 34 0
2 3 34 0
2 3 34 0
2 3 34 0
2 3 34 0
2 3 34 0
2 3 34 0
2 3 34 0
2 3 34 0
2 3 34 0
2 3 34 0
2 3 34 0
2 3 34 0
2 3 34 0
2 3 34 0
2 3 34 0
2 3 34 0
2 3 34 0
2 3 34 0
2 3 34 0
2 3 34 0
2 3 34 0
2 3 34 0
2 3 34 0
2 3 34 0
2 3 34 0
2 3 34 0
2 3 34 0
2 3 34 0
2 3 34 0
2 3 34 0
2 3 34 0
2 3 34 0
2 3 34 0
2 3 34 0
2 3 34 0
2 3 34 0
2 3 34 0
2 3 34 0
2 3 34 0
2 3 34 0
2 3 34 0
2 3 34 0
2 3 34 0
2 3 34 0
2 3 34 0
2 3 34 0
2 3 34 0
2 3 34 0
2 3 34 0
2 3 34 0
2 3 34 0
2 3 34 0
2 3 34 0
2 3 34 0
2 3 34 0
2 3 34 0
2 3 34 0
2 3 34 0
2 3 34 0
2 3 34 0
2 3 34 0
2 3 34 0
2 3 34 0
2 3 34 0
2 3 34 0
2 3 34 0
2 3 34 0
2 3 34 0
2 3 34 0
2 3 34 0
2 3 34 0
2 3 34 0
2 3 34 0
2 3 34 0
2 3 34 0
2 3 34 0
2 3 34 0
2 3 34 0
2 3 34 0
2 3 34 0
2 3 34 0
2 3 34 0
2 3 34 0
2 3 34 0
2 3 34 0
2 3 34 0
2 3 34 0
2 3 34 0
2 3 34 0
2 3 34 0
2 3 34 0
2 3 34 0
2 3 34 0
2 3 34 0
2 3 34 0
2 3 34 0
2 3 34 0
2 3 34 0
2 3 34 0
32 33 35 0
32 33 35 0
32 33 35 0
32 33 35 0
32 33 35 0
14 32 33 35
32 33 35 0
32 33 35 0
32 33 35 0
32 33 35 0
14 32 33 35
14 32 33 35
14 32 33 35
14 32 33 35
14 32 33 0
14 32 33 0
14 32 33 35
14 32 33 35
14 32 33 35
14 32 33 35
32 33 35 0
32 33 35 0
32 33 35 0
32 33 35 0
32 33 35 0
14 32 33 35
32 33 35 0
32 33 35 0
32 33 35 0
32 33 35 0
32 33 35 0
32 33 35 0
14 32 33 35
14 32 33 35
14 32 33 35
14 32 33 35
14 32 33 35
14 32 33 35
14 32 33 0
14 32 33 35
14 32 33 0
14 32 33 0
14 32 33 35
14 32 33 35
14 32 33 35
14 32 33 35
32 33 35 0
32 33 35 0
32 33 35 0
14 32 33 35
14 32 33 35
14 32 33 35
14 32 33 35
14 32 33 35
14 32 33 0
14 32 33 0
14 32 33 0
14 32 33 0
14 32 33 0
14 32 33 0
14 32 33 35
14 32 33 0
14 32 33 35
14 32 33 0
14 32 33 0
14 32 33 0
14 32 33 35
32 33 35 0
32 33 35 0
32 33 35 0
32 33 35 0
32 33 35 0
32 33 35 0
32 33 35 0
32 33 35 0
32 33 35 0
32 33 35 0
32 33 35 0
32 33 35 0
32 33 35 0
32 33 35 0
32 33 35 0
32 33 35 0
35 0 0 0
32 35 0 0
35 0 0 0
35 0 0 0
35 0 0 0
35 0 0 0
32 35 0 0
32 35 0 0
32 33 35 0
32 33 35 0
32 33 35 0
32 33 35 0
32 33 35 0
32 33 35 0
32 33 35 0
32 33 35 0
32 33 35 0
32 35 0 0
35 0 0 0
35 0 0 0
35 0 0 0
35 0 0 0
35 0 0 0
35 0 0 0
35 0 0 0
35 0 0 0
32 35 0 0
32 33 35 0
32 33 35 0
32 33 35 0
32 33 35 0
32 33 35 0
32 33 35 0
32 33 35 0
32 33 35 0
32 33 35 0
32 33 35 0
32 33 35 0
32 33 35 0
32 33 35 0
32 33 35 0
32 33 35 0
32 33 35 0
32 33 35 0
32 33 35 0
32 33 35 0
32 33 35 0
32 33 35 0
32 33 35 0
32 33 35 0
32 33 35 0
32 33 35 0
32 33 35 0
32 33 35 0
35 0 0 0
35 0 0 0
35 0 0 0
35 0 0 0
35 0 0 0
32 35 0 0
32 33 35 0
32 33 35 0
32 33 35 0
32 33 35 0
32 33 35 0
32 33 35 0
32 33 35 0
32 33 35 0
32 33 35 0
32 33 35 0
32 33 35 0
32 33 35 0
11 12 0 0
11 12 0 0
4 11 12 0
4 11 12 0
4 11 12 0
4 11 12 0
4 11 12 0
4 11 12 0
11 12 0 0
11 12 0 0
11 12 0 0
11 12 0 0
11 12 0 0
11 12 0 0
11 12 0 0
11 12 0 0
11 12 0 0
11 12 0 0
11 12 0 0
11 12 0 0
11 12 0 0
11 12 0 0
11 12 0 0
11 12 0 0
11 12 0 0
11 12 0 0
11 12 0 0
11 12 0 0
11 12 0 0
2 3 34 0
3 34 0 0
3 34 0 0
2 3 34 0
3 34 0 0
2 3 34 0
2 3 34 0
3 34 0 0
2 3 34 0
3 34 0 0
2 3 34 0
3 34 0 0
2 3 34 0
3 34 0 0
2 3 34 0
2 3 34 0
3 34 0 0
2 3 34 0
2 3 34 0
3 34 0 0
2 3 34 0
3 34 0 0
2 3 34 0
3 34 36 0
2 3 34 0
3 34 36 0
3 34 36 0
2 3 34 0
2 3 34 0
3 34 0 0
3 34 0 0
2 3 34 0
3 34 0 0
2 3 34 0
3 34 0 0
2 3 34 0
3 34 0 0
3 34 0 0
2 3 34 0
3 34 0 0
3 34 0 0
3 34 36 0
3 34 0 0
3 34 36 0
34 36 0 0
3 34 36 0
34 36 0 0
3 34 36 0
34 36 0 0
3 34 0 0
3 34 0 0
34 0 0 0
3 34 0 0
3 34 0 0
3 34 0 0
3 34 0 0
3 34 0 0
3 34 0 0
3 34 0 0
3 34 0 0
3 34 0 0
3 34 0 0
3 34 0 0
3 34 0 0
3 34 0 0
34 36 37 0
34 36 0 0
34 36 0 0
34 36 0 0
3 34 36 0
34 36 0 0
34 36 0 0
34 0 0 0
3 34 0 0
34 0 0 0
3 34 0 0
34 0 0 0
3 34 0 0
34 38 0 0
34 0 0 0
3 34 0 0
3 34 0 0
3 34 0 0
34 38 0 0
34 38 0 0
34 38 0 0
34 38 0 0
34 38 0 0
34 0 0 0
34 38 0 0
34 0 0 0
34 39 0 0
34 36 39 0
34 39 40 0
34 0 0 0
34 39 40 0
34 39 40 0
34 36 39 40
34 36 37 39
34 36 37 0
34 36 37 0
34 36 37 0
34 36 37 41
34 36 37 41
34 36 37 39
34 36 37 39
34 39 40 42
34 39 40 0
34 38 39 40
34 39 40 43
34 38 39 40
34 38 0 0
34 38 0 0
34 38 0 0
34 38 40 43
34 38 0 0
34 38 0 0
34 38 0 0
34 38 0 0
34 38 0 0
34 38 0 0
34 38 0 0
34 38 0 0
34 38 0 0
34 38 0 0
38 0 0 0
38 0 0 0
34 38 43 0
34 38 40 43
34 38 43 0
38 0 0 0
34 38 43 0
34 43 44 0
43 44 0 0
43 44 0 0
43 44 0 0
34 43 44 0
34 38 40 43
34 38 40 43
34 38 40 43
34 43 44 0
43 44 46 0
43 44 46 0
43 44 46 0
43 44 46 0
44 46 0 0
44 46 0 0
44 46 0 0
43 44 46 0
43 44 46 0
44 46 0 0
43 44 46 0
44 46 0 0
44 46 0 0
44 46 0 0
44 46 0 0
44 46 0 0
34 40 43 45
40 45 47 0
40 45 47 0
40 45 47 0
40 45 47 0
34 40 45 47
34 40 45 0
34 39 40 42
34 39 40 42
34 39 42 0
34 39 42 0
39 42 0 0
34 39 42 0
34 39 40 42
34 40 45 47
40 45 47 0
40 45 47 0
45 47 0 0
45 47 0 0
45 47 0 0
45 47 0 0
45 47 0 0
45 47 0 0
40 45 47 0
45 47 0 0
40 45 47 0
45 47 0 0
45 47 0 0
45 47 0 0
45 47 0 0
45 47 0 0
39 42 48 0
39 42 48 0
39 42 48 0
39 42 48 0
39 42 48 0
42 48 0 0
42 48 0 0
42 48 0 0
42 48 0 0
42 48 0 0
42 48 0 0
42 48 0 0
42 48 0 0
39 42 48 0
39 42 48 0
39 42 48 0
34 39 42 0
39 42 48 0
39 42 48 0
42 48 0 0
34 37 39 40
34 36 37 39
34 36 37 39
36 37 41 0
36 37 41 0
36 37 41 0
36 37 41 0
36 37 41 0
36 37 41 0
36 37 41 0
37 41 0 0
37 41 0 0
37 41 0 0
37 41 0 0
37 41 0 0
37 41 0 0
37 41 0 0
37 41 0 0
37 41 0 0
36 37 41 0
14 33 0 0
14 33 0 0
14 33 0 0
14 33 0 0
14 33 0 0
14 33 0 0
14 33 0 0
14 33 0 0
14 33 0 0
14 33 0 0
14 33 0 0
14 33 0 0
14 33 0 0
14 33 0 0
14 33 0 0
14 33 0 0
14 33 0 0
14 33 0 0
14 33 0 0
14 33 0 0
14 33 0 0
14 33 0 0
14 33 0 0
14 33 0 0
14 33 0 0
14 33 0 0
14 33 0 0
14 33 0 0
14 33 0 0
14 33 0 0
14 33 0 0
14 33 0 0
14 33 0 0
14 33 0 0
14 33 0 0
14 33 0 0
14 33 0 0
14 33 0 0
14 33 0 0
14 33 0 0
14 33 0 0
14 33 0 0
14 33 0 0
14 33 0 0
14 33 0 0
14 33 0 0
14 33 0 0
14 33 0 0
14 33 0 0
14 33 0 0
14 33 0 0
14 33 0 0
14 33 0 0
14 33 0 0
14 33 0 0
14 33 0 0
14 33 0 0
14 33 0 0
14 33 0 0
14 33 0 0
14 33 0 0
14 33 0 0
14 33 0 0
14 33 0 0
14 33 0 0
14 33 0 0
14 33 0 0
14 33 0 0
14 33 0 0
14 33 0 0
14 33 0 0
14 33 0 0
14 33 0 0
14 33 0 0
14 33 0 0
14 33 0 0
14 33 0 0
14 33 0 0
14 33 0 0
14 33 0 0
14 33 0 0
14 33 0 0
14 33 0 0
14 33 0 0
14 33 0 0
14 33 0 0
14 33 0 0
14 33 0 0
14 33 0 0
14 33 0 0
14 33 0 0
14 33 0 0
14 33 0 0
14 33 0 0
14 33 0 0
14 33 0 0
14 33 0 0
14 33 0 0
14 33 0 0
14 33 0 0
14 33 0 0
14 33 0 0
14 33 0 0
14 33 0 0
14 33 0 0
14 33 0 0
14 33 0 0
14 33 0 0
14 33 0 0
14 33 0 0
14 33 0 0
14 33 0 0
14 33 0 0
14 33 0 0
14 33 0 0
14 33 0 0
14 33 0 0
14 33 0 0
14 33 0 0
14 33 0 0
14 33 0 0
14 33 0 0
14 33 0 0
14 33 0 0
14 33 0 0
14 33 0 0
14 33 0 0
14 33 0 0
14 33 0 0
14 33 0 0
14 33 0 0
14 33 0 0
14 33 0 0
14 33 0 0
14 33 0 0
14 33 0 0
14 33 0 0
14 33 0 0
14 33 0 0
14 33 0 0
14 33 0 0
14 33 0 0
14 33 0 0
14 33 0 0
14 33 0 0
14 33 0 0
14 33 0 0
14 33 0 0
14 33 0 0
14 33 0 0
14 33 0 0
14 33 0 0
14 33 0 0
14 33 0 0
14 33 0 0
14 33 0 0
14 33 0 0
14 33 0 0
14 33 0 0
14 33 0 0
14 33 0 0
14 33 0 0
14 33 0 0
14 33 0 0
14 33 0 0
14 33 0 0
14 33 0 0
14 33 0 0
14 33 0 0
14 33 0 0
14 33 0 0
14 33 0 0
14 33 0 0
14 33 0 0
14 33 0 0
14 33 0 0
14 33 0 0
14 33 0 0
14 33 0 0
14 33 0 0
14 33 0 0
14 33 0 0
14 33 0 0
14 33 0 0
14 33 0 0
14 33 0 0
14 33 0 0
14 33 0 0
14 33 0 0
14 33 0 0
14 33 0 0
14 33 0 0
14 33 0 0
14 33 0 0
14 33 0 0
14 33 0 0
14 33 0 0
14 33 0 0
14 33 0 0
14 33 0 0
14 33 0 0
14 33 0 0
14 33 0 0
14 33 0 0
14 33 0 0
14 33 0 0
14 33 0 0
14 33 0 0
14 33 0 0
14 33 0 0
14 33 0 0
14 33 0 0
14 33 0 0
14 33 0 0
14 33 0 0
14 33 0 0
14 33 0 0
14 33 0 0
14 33 0 0
14 33 0 0
14 33 0 0
14 33 0 0
14 33 0 0
14 33 0 0
14 33 0 0
14 33 0 0
14 33 0 0
14 33 0 0
11 12 0 0
11 12 0 0
11 13 0 0
11 13 0 0
11 12 0 0
11 13 0 0
11 12 0 0
11 12 13 0
11 12 13 0
11 12 0 0
11 12 13 0
11 12 0 0
4 11 12 0
11 13 0 0
11 12 0 0
11 0 0 0
11 12 0 0
11 12 0 0
4 11 12 0
11 12 0 0
11 12 0 0
11 12 0 0
11 12 0 0
11 12 0 0
11 12 0 0
11 12 0 0
11 12 0 0
11 12 0 0
11 12 0 0
11 14 0 0
11 12 0 0
11 12 0 0
11 14 0 0
11 12 0 0
11 14 0 0
11 12 0 0
11 12 14 0
11 12 14 0
11 12 0 0
11 0 0 0
11 12 0 0
11 12 0 0
11 0 0 0
11 12 0 0
11 0 0 0
11 12 0 0
11 12 0 0
11 12 0 0
11 12 0 0
11 12 0 0
11 12 0 0
11 12 0 0
11 12 0 0
11 12 0 0
11 12 0 0
11 12 0 0
11 12 0 0
11 12 0 0
0 1 2 4
0 4 0 0
0 4 0 0
0 1 2 4
0 4 0 0
0 4 12 0
0 4 12 0
0 4 0 0
0 4 0 0
0 4 0 0
0 4 0 0
0 4 0 0
0 1 2 4
0 4 0 0
0 4 0 0
0 1 4 0
0 4 12 0
0 4 0 0
0 1 2 4
0 1 2 4
0 1 4 0
0 1 4 0
0 4 0 0
0 4 0 0
0 4 12 0
0 4 12 0
0 4 0 0
0 4 0 0
0 4 0 0
0 4 0 0
0 4 0 0
0 4 0 0
0 4 0 0
0 4 0 0
0 4 0 0
0 4 12 0
0 4 0 0
0 4 0 0
0 4 0 0
0 4 0 0
0 4 12 0
0 4 12 0
0 4 0 0
0 4 0 0
0 4 0 0
0 4 0 0
0 4 0 0
0 4 0 0
0 8 0 0
0 8 9 10
0 8 0 0
0 8 9 10
0 8 0 0
0 9 10 0
0 4 8 0
0 4 8 0
0 4 8 0
0 0 0 0
0 9 0 0
0 9 10 0
0 9 0 0
0 0 0 0
0 4 0 0
0 4 0 0
0 4 0 0
0 4 0 0
0 4 8 0
0 4 8 0
0 4 5 8
0 4 5 8
0 4 8 0
0 4 8 0
0 4 8 0
0 4 8 0
0 4 8 0
0 4 5 8
0 4 5 8
0 4 5 8
0 4 5 8
0 4 5 8
0 4 5 8
0 4 8 0
0 4 0 0
0 4 12 0
0 4 12 0
4 12 0 0
0 4 12 0
4 12 0 0
4 12 0 0
4 12 0 0
4 12 0 0
4 11 12 0
4 12 0 0
4 11 12 0
4 11 12 0
4 11 12 0
4 11 12 0
0 4 5 8
0 5 8 0
0 4 8 12
0 4 12 0
0 4 8 0
0 5 8 0
0 5 8 0
0 5 8 0
0 5 8 0
0 5 8 0
0 4 5 8
0 1 0 0
0 1 2 0
0 1 0 0
0 1 9 0
0 1 2 0
0 9 0 0
0 1 2 4
0 1 2 4
0 1 4 0
0 0 0 0
0 9 0 0
0 4 0 0
0 4 0 0
0 1 4 0
0 1 2 4
0 1 2 4
0 1 2 4
0 1 2 0
0 1 2 0
0 1 2 0
0 1 2 0
0 1 2 0
0 1 2 0
0 1 2 4
0 1 2 4
0 1 2 4
0 1 2 4
0 1 2 4
0 1 2 4
0 4 0 0
0 4 12 0
4 12 0 0
4 12 0 0
4 12 0 0
4 12 0 0
4 11 12 0
4 12 0 0
4 11 12 0
4 11 12 0
4 11 12 0
4 11 12 0
1 2 4 0
1 2 0 0
0 1 2 4
0 4 12 0
0 1 2 4
0 1 2 4
0 1 2 4
0 1 2 4
0 1 2 4
0 1 2 0
1 2 0 0
11 12 0 0
11 12 0 0
11 13 0 0
11 13 0 0
11 12 0 0
11 12 0 0
11 13 0 0
11 0 0 0
11 12 0 0
11 12 0 0
11 0 0 0
11 13 0 0
11 13 0 0
11 12 0 0
11 12 0 0
11 13 0 0
11 12 0 0
11 12 0 0
11 12 0 0
11 12 0 0
11 12 0 0
11 12 0 0
11 12 0 0
11 12 0 0
11 12 0 0
11 13 0 0
11 13 0 0
11 12 0 0
11 12 0 0
11 13 0 0
11 13 0 0
11 12 0 0
11 13 0 0
11 12 0 0
11 12 0 0
11 13 0 0
11 12 0 0
11 12 0 0
11 13 0 0
11 13 0 0
11 0 0 0
11 0 0 0
11 0 0 0
11 0 0 0
11 13 0 0
11 13 0 0
11 13 0 0
11 13 0 0
11 13 0 0
11 13 0 0
11 13 0 0
11 13 0 0
11 13 0 0
11 13 0 0
11 13 0 0
11 13 0 0
11 13 0 0
11 0 0 0
11 13 0 0
11 13 0 0
11 13 0 0
11 0 0 0
11 13 0 0
11 0 0 0
11 0 0 0
11 0 0 0
11 0 0 0
11 12 0 0
11 12 0 0
11 12 0 0
11 0 0 0
11 12 0 0
11 12 0 0
11 0 0 0
11 0 0 0
11 12 0 0
11 12 0 0
11 0 0 0
11 0 0 0
11 13 0 0
11 12 0 0
11 12 0 0
11 0 0 0
11 12 0 0
11 12 0 0
11 12 0 0
11 12 0 0
11 12 0 0
11 12 0 0
11 12 0 0
11 12 0 0
11 12 0 0
11 12 0 0
11 12 0 0
11 12 0 0
11 12 0 0
11 12 0 0
11 12 0 0
11 12 0 0
11 12 0 0
11 12 0 0
11 14 0 0
11 0 0 0
11 12 0 0
11 12 0 0
11 0 0 0
11 14 0 0
11 12 0 0
11 12 0 0
11 0 0 0
11 0 0 0
11 12 0 0
11 14 0 0
11 0 0 0
11 12 0 0
11 12 0 0
11 12 0 0
11 12 0 0
11 12 0 0
11 12 0 0
11 12 0 0
11 12 0 0
11 12 0 0
11 12 0 0
11 0 0 0
11 14 0 0
11 12 0 0
11 12 0 0
11 14 0 0
11 12 0 0
11 14 0 0
11 12 0 0
11 14 0 0
11 14 0 0
11 12 0 0
11 12 0 0
11 12 0 0
11 14 0 0
11 0 0 0
11 12 0 0
11 0 0 0
11 0 0 0
11 0 0 0
11 0 0 0
11 0 0 0
11 14 0 0
11 14 0 0
11 14 0 0
11 14 0 0
11 14 0 0
11 14 0 0
11 14 0 0
11 14 0 0
11 0 0 0
11 14 0 0
11 14 0 0
11 14 0 0
11 0 0 0
11 0 0 0
11 14 0 0
11 14 0 0
11 0 0 0
11 0 0 0
11 0 0 0
11 0 0 0
11 12 0 0
11 0 0 0
11 0 0 0
11 12 0 0
11 12 0 0
11 0 0 0
11 0 0 0
11 12 0 0
11 0 0 0
11 0 0 0
11 12 0 0
11 12 0 0
11 12 0 0
11 12 0 0
11 12 0 0
11 12 0 0
11 12 0 0
11 12 0 0
11 12 0 0
11 12 0 0
11 12 0 0
11 12 0 0
11 12 0 0
11 12 0 0
11 12 0 0
11 12 0 0
11 12 0 0
11 12 0 0
11 12 0 0
9 10 0 0
9 10 0 0
9 10 0 0
9 10 0 0
9 10 0 0
9 10 0 0
9 10 0 0
9 10 0 0
9 10 0 0
9 10 0 0
9 10 0 0
9 10 0 0
9 10 0 0
9 10 0 0
9 10 0 0
9 10 0 0
9 10 0 0
9 10 0 0
9 10 0 0
9 10 0 0
9 10 0 0
9 10 0 0
9 10 0 0
9 10 0 0
9 10 0 0
9 10 0 0
9 10 0 0
9 10 0 0
9 10 0 0
9 10 0 0
9 10 0 0
9 10 0 0
9 10 0 0
9 10 0 0
9 10 0 0
9 10 0 0
9 10 0 0
9 10 0 0
9 10 0 0
9 10 0 0
9 10 0 0
9 10 0 0
9 10 0 0
9 10 0 0
9 10 0 0
9 10 0 0
9 10 0 0
9 10 0 0
9 10 0 0
9 10 0 0
9 10 0 0
9 10 0 0
9 10 0 0
9 10 0 0
9 10 0 0
9 10 0 0
9 10 0 0
9 10 0 0
9 10 0 0
9 10 0 0
9 10 0 0
9 10 0 0
9 10 0 0
9 10 0 0
9 10 0 0
9 10 0 0
9 10 0 0
9 10 0 0
9 10 0 0
9 10 0 0
9 10 0 0
9 10 0 0
9 10 0 0
9 10 0 0
9 10 0 0
9 10 0 0
9 10 0 0
9 10 0 0
9 10 0 0
9 10 0 0
9 10 0 0
9 10 0 0
9 10 0 0
9 10 0 0
9 10 0 0
9 10 0 0
9 10 0 0
9 10 0 0
9 10 0 0
9 10 0 0
9 10 0 0
9 10 0 0
7 15 16 0
7 15 16 0
7 15 16 0
7 15 16 0
7 15 16 0
7 15 0 0
7 15 0 0
7 15 0 0
7 15 0 0
7 15 16 0
7 15 16 0
7 15 16 20
15 16 20 0
15 16 20 0
15 16 20 0
15 16 20 0
15 16 20 0
15 16 20 0
7 15 16 18
7 15 16 0
7 15 16 18
7 15 0 0
7 0 0 0
7 0 0 0
7 17 22 0
7 17 19 22
7 15 16 18
7 15 16 18
7 16 18 19
7 18 19 22
7 17 19 22
7 17 22 23
7 17 22 23
7 17 19 22
7 17 19 22
7 17 19 22
7 19 26 0
7 19 26 0
7 18 21 0
7 18 21 0
7 15 16 18
7 15 16 18
7 16 18 19
7 18 21 28
7 18 21 28
7 18 21 28
18 21 28 0
7 18 21 28
18 21 28 0
18 21 28 0
21 28 0 0
18 21 28 0
21 28 0 0
28 0 0 0
28 0 0 0
28 0 0 0
28 0 0 0
28 0 0 0
28 0 0 0
21 28 0 0
21 28 0 0
18 21 28 0
18 21 28 0
18 21 28 0
7 18 21 0
7 18 19 21
19 26 0 0
19 26 27 0
19 26 27 0
19 26 27 0
19 26 27 0
19 26 27 0
26 27 0 0
26 27 0 0
19 26 27 0
19 26 27 0
26 27 0 0
26 27 0 0
26 27 0 0
26 27 0 0
26 27 0 0
26 27 0 0
26 27 0 0
26 27 0 0
19 26 27 0
19 26 27 0
19 26 27 0
7 19 22 26
7 19 22 26
22 24 25 0
22 24 25 0
22 24 25 0
17 22 24 25
22 24 25 0
22 24 25 0
22 24 25 0
22 24 25 0
22 24 25 0
22 24 25 0
24 25 0 0
24 25 0 0
24 25 0 0
24 25 0 0
24 25 0 0
24 25 0 0
24 25 0 0
24 25 0 0
22 24 25 0
22 24 25 0
17 22 23 24
7 17 23 0
7 17 23 0
7 17 23 0
7 17 23 0
17 23 0 0
7 17 23 0
23 0 0 0
23 49 0 0
23 49 0 0
23 49 0 0
23 49 0 0
23 49 0 0
49 0 0 0
49 0 0 0
49 0 0 0
23 49 0 0
49 0 0 0
49 0 0 0
23 49 0 0
23 49 0 0
23 49 0 0
17 23 0 0
7 17 23 0
23 0 0 0
23 49 0 0
23 49 0 0
49 0 0 0
49 0 0 0
49 0 0 0
49 0 0 0
49 0 0 0
23 49 0 0
23 49 0 0
17 23 0 0
17 23 0 0
17 23 0 0
23 49 0 0
23 49 0 0
7 15 16 18
15 16 20 0
15 16 20 0
15 16 20 0
15 16 20 0
15 16 20 0
15 16 20 0
15 16 20 0
15 16 20 0
15 16 20 0
15 16 20 0
16 20 0 0
16 20 0 0
16 20 0 0
16 20 0 0
16 20 0 0
16 20 0 0
16 20 0 0
16 20 0 0
16 20 0 0
16 20 0 0
16 20 0 0
16 20 0 0
18 21 28 0
19 26 27 0
22 24 25 0
4 11 12 0
4 11 12 0
4 11 12 0
4 11 12 0
4 11 12 0
4 11 12 0
4 11 12 0
11 12 0 0
11 12 0 0
11 12 0 0
11 12 0 0
11 12 0 0
4 11 12 0
11 12 0 0
4 11 12 0
4 11 12 0
4 11 12 0
4 11 12 0
4 11 12 0
4 11 12 0
4 11 12 0
4 11 12 0
11 12 0 0
11 12 0 0
11 12 0 0
11 12 0 0
11 12 0 0
11 12 0 0
4 11 12 0
11 12 0 0
11 12 0 0
4 11 12 0
4 11 12 0
4 11 12 0
4 11 12 0
4 11 12 0
4 11 12 0
4 12 0 0
4 11 12 0
13 29 0 0
13 29 0 0
13 29 0 0
13 29 0 0
13 29 0 0
13 29 0 0
13 29 0 0
13 29 0 0
13 29 0 0
13 29 0 0
13 29 0 0
13 29 0 0
34 36 37 0
34 36 37 0
34 36 37 0
34 36 37 0
34 36 0 0
34 36 0 0
34 36 0 0
34 0 0 0
34 36 0 0
34 36 37 0
34 36 37 0
34 36 37 41
34 36 37 41
34 36 37 41
36 37 41 0
36 37 41 0
36 37 41 0
34 36 37 41
34 36 37 39
34 36 37 39
34 36 38 39
34 36 0 0
34 38 0 0
34 38 0 0
34 38 0 0
34 38 40 43
34 36 38 39
34 36 37 38
34 36 39 40
34 38 39 40
34 38 40 43
34 38 43 0
34 38 0 0
34 38 43 0
34 38 40 43
34 38 39 40
34 40 45 0
34 39 40 45
34 39 40 42
34 39 42 0
34 37 39 40
34 36 37 39
34 39 42 0
34 39 42 0
39 42 48 0
39 42 48 0
39 42 48 0
39 42 48 0
39 42 48 0
39 42 48 0
42 48 0 0
39 42 48 0
39 42 48 0
42 48 0 0
42 48 0 0
42 48 0 0
42 48 0 0
42 48 0 0
42 48 0 0
42 48 0 0
42 48 0 0
39 42 48 0
39 42 48 0
39 42 48 0
34 39 42 0
34 39 40 42
34 40 45 47
40 45 47 0
40 45 47 0
40 45 47 0
40 45 47 0
40 45 47 0
45 47 0 0
40 45 47 0
45 47 0 0
45 47 0 0
45 47 0 0
45 47 0 0
45 47 0 0
45 47 0 0
45 47 0 0
45 47 0 0
45 47 0 0
45 47 0 0
45 47 0 0
40 45 47 0
40 45 47 0
34 40 43 45
34 38 40 43
34 43 44 0
43 44 0 0
43 44 46 0
43 44 46 0
43 44 46 0
43 44 46 0
43 44 46 0
43 44 46 0
43 44 46 0
44 46 0 0
44 46 0 0
44 46 0 0
44 46 0 0
44 46 0 0
44 46 0 0
44 46 0 0
44 46 0 0
44 46 0 0
43 44 46 0
43 44 46 0
43 44 0 0
34 38 43 0
34 38 43 0
38 0 0 0
38 0 0 0
38 50 0 0
38 0 0 0
38 50 51 0
38 50 51 0
38 50 51 0
38 50 51 0
38 50 51 0
38 50 51 0
50 51 0 0
50 51 0 0
50 51 0 0
50 51 0 0
50 51 0 0
50 51 0 0
38 50 51 0
38 50 51 0
38 50 51 0
38 50 0 0
38 0 0 0
38 50 0 0
38 50 51 0
38 50 51 0
50 51 0 0
50 51 0 0
50 51 0 0
50 51 0 0
50 51 0 0
38 50 51 0
38 50 51 0
38 50 0 0
38 0 0 0
38 50 0 0
38 50 51 0
38 50 51 0
34 36 37 39
34 36 37 41
36 37 41 0
36 37 41 0
36 37 41 0
36 37 41 0
36 37 41 0
36 37 41 0
37 41 0 0
36 37 41 0
36 37 41 0
37 41 0 0
37 41 0 0
36 37 41 0
37 41 0 0
37 41 0 0
37 41 0 0
37 41 0 0
37 41 0 0
37 41 0 0
37 41 0 0
37 41 0 0
37 41 0 0
39 42 48 0
40 45 47 0
43 44 0 0
0 4 0 0
0 4 0 0
0 4 0 0
0 4 0 0
0 4 0 0
0 1 4 0
0 4 0 0
0 4 0 0
0 4 0 0
0 1 2 4
0 1 2 4
0 1 4 0
0 1 4 0
0 4 12 0
0 4 0 0
0 4 12 0
0 4 12 0
0 4 12 0
0 4 12 0
0 4 0 0
0 4 0 0
0 4 0 0
0 4 0 0
0 4 0 0
0 4 0 0
0 4 8 0
0 4 8 0
0 4 8 0
0 4 8 0
0 4 0 0
0 4 12 0
0 4 12 0
0 4 0 0
0 4 12 0
0 4 12 0
0 4 0 0
9 10 0 0
9 10 0 0
9 10 0 0
9 10 0 0
9 10 0 0
9 10 0 0
10 0 0 0
10 0 0 0
10 0 0 0
10 0 0 0
10 0 0 0
10 0 0 0
10 0 0 0
10 0 0 0
10 0 0 0
10 0 0 0
10 0 0 0
9 10 0 0
9 10 0 0
9 10 0 0
9 10 0 0
10 0 0 0
10 0 0 0
10 0 0 0
10 0 0 0
10 0 0 0
10 0 0 0
9 10 0 0
9 10 0 0
9 10 0 0
9 10 0 0
9 10 0 0
9 10 0 0
10 0 0 0
9 10 0 0
9 10 0 0
9 10 0 0
9 10 0 0
9 10 0 0
9 10 0 0
9 10 0 0
9 10 0 0
9 10 0 0
9 10 0 0
9 10 0 0
9 10 0 0
9 10 0 0
9 10 0 0
10 0 0 0
10 0 0 0
10 0 0 0
10 0 0 0
9 10 0 0
9 10 0 0
9 10 0 0
9 10 0 0
9 10 0 0
9 10 0 0
9 10 0 0
9 10 0 0
9 10 0 0
9 10 0 0
9 10 0 0
9 10 0 0
9 10 0 0
9 10 0 0
9 10 0 0
9 10 0 0
9 10 0 0
9 10 0 0
9 10 0 0
9 10 0 0
9 10 0 0
9 10 0 0
9 10 0 0
9 10 0 0
9 10 0 0
9 10 0 0
9 10 0 0
9 10 0 0
9 10 0 0
9 10 0 0
9 10 0 0
9 10 0 0
9 10 0 0
9 10 0 0
9 10 0 0
9 10 0 0
9 10 0 0
9 10 0 0
9 10 0 0
9 10 0 0
9 10 0 0
9 10 0 0
9 10 0 0
9 10 0 0
9 10 0 0
9 10 0 0
9 10 0 0
9 10 0 0
9 10 0 0
9 10 0 0
9 10 0 0
9 10 0 0
9 10 0 0
9 10 0 0
9 10 0 0
9 10 0 0
9 10 0 0
9 10 0 0
9 10 0 0
9 10 0 0
9 10 0 0
9 10 0 0
9 10 0 0
9 10 0 0
9 10 0 0
9 10 0 0
9 10 0 0
9 10 0 0
9 10 0 0
9 10 0 0
9 10 0 0
9 10 0 0
9 10 0 0
9 10 0 0
9 10 0 0
9 10 0 0
9 10 0 0
9 10 0 0
9 10 0 0
9 10 0 0
9 10 0 0
9 10 0 0
9 10 0 0
9 10 0 0
9 10 0 0
9 10 0 0
9 10 0 0
9 10 0 0
9 10 0 0
9 10 0 0
9 10 0 0
9 10 0 0
9 10 0 0
9 10 0 0
9 10 0 0
9 10 0 0
9 10 0 0
9 10 0 0
9 10 0 0
9 10 0 0
9 10 0 0
9 10 0 0
9 10 0 0
9 10 0 0
9 10 0 0
9 10 0 0
9 10 0 0
9 10 0 0
9 10 0 0
9 10 0 0
9 10 0 0
9 10 0 0
9 10 0 0
9 10 0 0
9 10 0 0
9 10 0 0
9 10 0 0
9 10 0 0
9 10 0 0
9 10 0 0
9 10 0 0
9 10 0 0
9 10 0 0
9 10 0 0
9 10 0 0
9 10 0 0
9 10 0 0
9 10 0 0
9 10 0 0
9 10 0 0
9 10 0 0
9 10 0 0
9 10 0 0
9 10 0 0
9 10 0 0
9 10 0 0
9 10 0 0
9 10 0 0
9 10 0 0
9 10 0 0
9 10 0 0
9 10 0 0
9 10 0 0
9 10 0 0
9 10 0 0
9 10 0 0
9 10 0 0
9 10 0 0
9 10 0 0
9 10 0 0
9 10 0 0
9 10 0 0
9 10 0 0
9 10 0 0
9 10 0 0
9 10 0 0
9 10 0 0
9 10 0 0
9 10 0 0
9 10 0 0
0 9 10 0
9 10 0 0
0 9 10 0
9 10 0 0
9 10 0 0
9 10 0 0
9 10 0 0
9 10 0 0
0 9 10 0
0 9 10 0
0 9 10 0
0 9 10 0
9 10 0 0
0 9 10 0
0 9 10 0
9 10 0 0
9 10 0 0
9 10 0 0
9 10 0 0
9 10 0 0
9 10 0 0
9 10 0 0
9 10 0 0
9 10 0 0
9 10 0 0
9 10 0 0
9 10 0 0
9 10 0 0
9 10 0 0
9 10 0 0
9 10 0 0
9 10 0 0
9 10 0 0
9 10 0 0
9 10 0 0
9 10 0 0
9 10 0 0
9 10 0 0
9 10 0 0
9 10 0 0
9 10 0 0
9 10 0 0
9 10 0 0
9 10 0 0
9 10 0 0
9 10 0 0
9 10 0 0
9 10 0 0
9 10 0 0
9 10 0 0
9 10 0 0
9 10 0 0
9 10 0 0
9 10 0 0
9 10 0 0
9 10 0 0
9 10 0 0
9 10 0 0
9 10 0 0
9 10 0 0
9 10 0 0
9 10 0 0
9 10 0 0
9 10 0 0
9 10 0 0
9 10 0 0
9 10 0 0
9 10 0 0
9 10 0 0
9 10 0 0
9 10 0 0
9 10 0 0
9 10 0 0
9 10 0 0
9 10 0 0
9 10 0 0
9 10 0 0
9 10 0 0
9 10 0 0
9 10 0 0
9 10 0 0
9 10 0 0
9 10 0 0
9 10 0 0
9 10 0 0
9 10 0 0
9 10 0 0
9 10 0 0
9 10 0 0
9 10 0 0
9 10 0 0
9 10 0 0
9 10 0 0
9 10 0 0
9 10 0 0
9 10 0 0
9 10 0 0
9 10 0 0
9 10 0 0
9 10 0 0
9 10 0 0
9 10 0 0
9 10 0 0
9 10 0 0
9 10 0 0
9 10 0 0
9 10 0 0
9 10 0 0
9 10 0 0
9 10 0 0
9 10 0 0
9 10 0 0
9 10 0 0
9 10 0 0
9 10 0 0
9 10 0 0
9 10 0 0
9 10 0 0
9 10 0 0
9 10 0 0
9 10 0 0
9 10 0 0
9 10 0 0
9 10 0 0
9 10 0 0
9 10 0 0
9 10 0 0
9 10 0 0
9 10 0 0
9 10 0 0
9 10 0 0
9 10 0 0
9 10 0 0
9 10 0 0
9 10 0 0
9 10 0 0
9 10 0 0
9 10 0 0
9 10 0 0
9 10 0 0
9 10 0 0
9 10 0 0
9 10 0 0
9 10 0 0
9 10 0 0
9 10 0 0
9 10 0 0
9 10 0 0
9 10 0 0
9 10 0 0
9 10 0 0
9 10 0 0
9 10 0 0
9 10 0 0
9 10 0 0
9 10 0 0
9 10 0 0
9 10 0 0
9 10 0 0
9 10 0 0
9 10 0 0
9 10 0 0
9 10 0 0
9 10 0 0
9 10 0 0
9 10 0 0
9 10 0 0
9 10 0 0
9 10 0 0
9 10 0 0
9 10 0 0
10 0 0 0
10 0 0 0
10 0 0 0
10 0 0 0
10 0 0 0
10 0 0 0
10 0 0 0
10 0 0 0
10 0 0 0
9 10 0 0
9 10 0 0
9 10 0 0
9 10 0 0
9 10 0 0
9 10 0 0
9 10 0 0
9 10 0 0
9 10 0 0
9 10 0 0
9 10 0 0
9 10 0 0
9 10 0 0
9 10 0 0
9 10 0 0
9 10 0 0
9 10 0 0
9 10 0 0
9 10 0 0
9 10 0 0
9 10 0 0
9 10 0 0
9 10 0 0
9 10 0 0
9 10 0 0
9 10 0 0
9 10 0 0
9 10 0 0
9 10 0 0
9 10 0 0
9 10 0 0
9 10 0 0
9 10 0 0
9 10 0 0
9 10 0 0
9 10 0 0
9 10 0 0
9 10 0 0
9 10 0 0
9 10 0 0
9 10 0 0
9 10 0 0
9 10 0 0
9 10 0 0
9 10 0 0
9 10 0 0
9 10 0 0
9 10 0 0
9 10 0 0
9 10 0 0
9 10 0 0
9 10 0 0
9 10 0 0
9 10 0 0
9 10 0 0
9 10 0 0
9 10 0 0
9 10 0 0
9 10 0 0
9 10 0 0
9 10 0 0
9 10 0 0
9 10 0 0
9 10 0 0
9 10 0 0
9 10 0 0
9 10 0 0
9 10 0 0
9 10 0 0
9 10 0 0
9 10 0 0
9 10 0 0
9 10 0 0
9 10 0 0
9 10 0 0
9 10 0 0
9 10 0 0
9 10 0 0
9 10 0 0
9 10 0 0
9 10 0 0
9 10 0 0
9 10 0 0
9 10 0 0
9 10 0 0
9 10 0 0
9 10 0 0
9 10 0 0
9 10 0 0
9 10 0 0
9 10 0 0
9 10 0 0
9 10 0 0
9 10 0 0
0 9 10 0
9 10 0 0
0 1 9 10
9 10 0 0
9 10 0 0
9 10 0 0
9 10 0 0
9 10 0 0
9 10 0 0
9 10 0 0
9 10 0 0
9 10 0 0
9 10 0 0
9 10 0 0
9 10 0 0
9 10 0 0
9 10 0 0
9 10 0 0
9 10 0 0
9 10 0 0
9 10 0 0
9 10 0 0
9 10 0 0
9 10 0 0
9 10 0 0
9 10 0 0
9 10 0 0
9 10 0 0
9 10 0 0
9 10 0 0
9 10 0 0
9 10 0 0
9 10 0 0
9 10 0 0
9 10 0 0
9 10 0 0
9 10 0 0
9 10 0 0
9 10 0 0
9 10 0 0
9 10 0 0
9 10 0 0
9 10 0 0
9 10 0 0
9 10 0 0
9 10 0 0
9 10 0 0
9 10 0 0
9 10 0 0
9 10 0 0
9 10 0 0
9 10 0 0
9 10 0 0
9 10 0 0
9 10 0 0
9 10 0 0
9 10 0 0
9 10 0 0
9 10 0 0
9 10 0 0
9 10 0 0
9 10 0 0
9 10 0 0
9 10 0 0
9 10 0 0
9 10 0 0
9 10 0 0
9 10 0 0
9 10 0 0
9 10 0 0
9 10 0 0
9 10 0 0
9 10 0 0
9 10 0 0
9 10 0 0
9 10 0 0
9 10 0 0
9 10 0 0
9 10 0 0
9 10 0 0
9 10 0 0
9 10 0 0
9 10 0 0
9 10 0 0
9 10 0 0
9 10 0 0
9 10 0 0
9 10 0 0
9 10 0 0
9 10 0 0
9 10 0 0
9 10 0 0
9 10 0 0
9 10 0 0
9 10 0 0
9 10 0 0
9 10 0 0
9 10 0 0
9 10 0 0
9 10 0 0
9 10 0 0
9 10 0 0
0 9 10 0
0 9 10 0
0 9 10 0
9 10 0 0
9 10 0 0
9 10 0 0
9 10 0 0
0 9 10 0
0 9 10 0
0 9 10 0
0 9 10 0
0 9 10 0
0 9 10 0
0 9 10 0
0 9 10 0
9 10 0 0
9 10 0 0
9 10 0 0
9 10 0 0
9 10 0 0
9 10 0 0
9 10 0 0
9 10 0 0
9 10 0 0
9 10 0 0
9 10 0 0
9 10 0 0
9 10 0 0
9 10 0 0
9 10 0 0
9 10 0 0
9 10 0 0
9 10 0 0
9 10 0 0
9 10 0 0
9 10 0 0
9 10 0 0
9 10 0 0
9 10 0 0
9 10 0 0
9 10 0 0
9 10 0 0
0 9 10 0
9 10 0 0
9 10 0 0
9 10 0 0
9 10 0 0
9 10 0 0
9 10 0 0
9 10 0 0
9 10 0 0
9 10 0 0
9 10 0 0
0 9 10 0
0 9 10 0
0 9 10 0
0 9 10 0
9 10 0 0
9 10 0 0
9 10 0 0
9 10 0 0
9 10 0 0
9 10 0 0
9 10 0 0
9 10 0 0
9 10 0 0
9 10 0 0
9 10 0 0
9 10 0 0
9 10 0 0
9 10 0 0
9 10 0 0
9 10 0 0
9 10 0 0
9 10 0 0
9 10 0 0
9 10 0 0
9 10 0 0
9 10 0 0
9 10 0 0
9 10 0 0
9 10 0 0
9 10 0 0
9 10 0 0
9 10 0 0
9 10 0 0
9 10 0 0
9 10 0 0
9 10 0 0
9 10 0 0
9 10 0 0
9 10 0 0
9 10 0 0
9 10 0 0
9 10 0 0
9 10 0 0
9 10 0 0
9 10 0 0
9 10 0 0
9 10 0 0
9 10 0 0
9 10 0 0
9 10 0 0
9 10 0 0
9 10 0 0
9 10 0 0
9 10 0 0
9 10 0 0
9 10 0 0
9 10 0 0
9 10 0 0
9 10 0 0
9 10 0 0
9 10 0 0
9 10 0 0
9 10 0 0
9 10 0 0
9 10 0 0
9 10 0 0
9 10 0 0
9 10 0 0
9 10 0 0
9 10 0 0
9 10 0 0
9 10 0 0
9 10 0 0
9 10 0 0
9 10 0 0
9 10 0 0
9 10 0 0
9 10 0 0
9 10 0 0
9 10 0 0
9 10 0 0
9 10 0 0
9 10 0 0
9 10 0 0
9 10 0 0
9 10 0 0
9 10 0 0
9 10 0 0
9 10 0 0
9 10 0 0
9 10 0 0
9 10 0 0
9 10 0 0
9 10 0 0
9 10 0 0
9 10 0 0
9 10 0 0
9 10 0 0
9 10 0 0
9 10 0 0
9 10 0 0
9 10 0 0
9 10 0 0
9 10 0 0
9 10 0 0
9 10 0 0
9 10 0 0
9 10 0 0
9 10 0 0
9 10 0 0
9 10 0 0
0 4 0 0
0 4 0 0
0 4 0 0
0 4 0 0
0 4 0 0
0 4 0 0
0 4 0 0
0 4 0 0
0 4 0 0
0 4 0 0
0 4 0 0
0 4 0 0
0 4 8 0
0 4 0 0
0 4 8 0
0 4 0 0
0 4 0 0
0 4 0 0
0 4 0 0
0 4 12 0
0 4 12 0
0 4 12 0
0 4 12 0
0 4 0 0
0 4 0 0
0 4 0 0
0 4 0 0
0 4 12 0
0 4 0 0
0 4 0 0
0 4 0 0
0 4 0 0
0 4 0 0
0 4 0 0
0 4 0 0
0 4 0 0
0 4 0 0
0 4 12 0
0 4 0 0
0 4 12 0
0 4 0 0
